162287.33135133248
190314.22729647445
209548.70905851663
173244.1571012377
183196.60545177024
150267.50706011086
173230.29486893537
169342.57315067615
162455.24036939556
178806.37781255122
175139.18292603572
162113.41900500638
189469.26556857862
177915.0949445791
177836.65599393437
175115.55846205348
181145.62951357092
183442.66007513675
181145.62951357092
185288.87474153528
159182.19131560854
173171.38038165044
178039.85503530013
224620.4211292347
177004.28761324717
162044.10784349468
200194.53336996655
174907.6249775184
167658.31192594196
162403.2569982618
169154.79857204773
171898.886125364
177708.43034513772
178373.18305310313
188970.2252056944
196033.03256373614
162847.48287448348
168351.4235410589
167977.14326889577
175645.15440507108
163966.2236903505
189136.5719933225
169321.14535967578
187616.4608832345
157766.97473567625
149030.3028271271
189261.33208404353
177305.1567232762
157497.2956483275
176265.48930060075
182985.20640915958
155239.02066813997
182659.4439500546
168669.62044146584
171067.15218722363
158087.07496372377
175323.49194658856
183207.00212599698
188568.2204689266
186024.50084144739
190734.19426616706
201535.70434521785
191438.3369980576
190000.13039668996
175062.94064837284
187528.55304625118
184987.66453430068
163799.87690272243
158515.53528000257
165612.36377625325
170460.6795239963
231031.70356906648
245149.75272645184
187646.38202082104
166653.3000840224
212206.79210249014
289221.8892162099
232205.89331414283
183231.2610325261
166060.6896530974
201661.09887848576
180593.9713370061
181949.00454455972
149637.4099329013
174134.805526663
194626.01598504873
194300.25352594376
169639.9767026296
207455.51198086346
201484.9898591778
165107.6611823116
164047.20041118265
177940.6227362019
161073.75158233097
166461.42550477153
158387.9440737528
177898.40159674804
176886.4586386773
166180.71530064914
179557.76947240627
172828.29013216755
174971.9083505195
199658.00631079776
174362.89791710474
194355.7024551531
185262.71250736562
137495.36332114608
176906.61754458392
215554.521203505
188866.25846342687
200720.66375490857
185622.49610467957
176265.48930060075
178054.9861526962
209940.3171210577
206401.98232588568
274202.1605166256
150491.20610458887
157260.36881409402
187757.27987923977
178296.94077544028
192868.97804072726
188620.20384006036
178507.7053755041
191781.4272475405
171774.12603464292
192383.7999101454
170292.13606338637
168084.5755692389
156291.28143802402
193960.62883453647
180285.53666827906
181609.37985315244
189181.6242483051
170043.25032449112
158175.2761460484
179939.61530326743
178061.2828263005
195575.57889775894
163792.94578657125
177448.51348946887
169599.02444826943
177392.43011771265
172925.96020083077
278137.1311628493
158502.94193279394
176598.1828758569
171767.8293610386
174935.98388466993
174907.6249775184
203702.3125850052
190630.22752389952
180147.54878780252
156520.0082710126
177436.8479301484
161871.46438226232
162771.87503936747
163414.56551378567
167519.68960291857
195759.25347576494
182295.56035211822
195759.25347576494
184496.82417266138
169217.8130599551
197727.69046269706
172702.89559889963
185643.28945313307
197734.62157884825
161373.9862498131
183238.19214867725
184062.99497066642
204416.21754857563
178247.78851983522
190748.0564984694
159090.18347800276
187812.72880844912
171075.35218846853
162431.61590541332
185368.87592261503
156837.57072887267
177662.1092050614
204040.0339487719
184582.82868200412
197954.2206227038
181716.81215349556
185414.56262014448
181671.75989851294
181342.5318813324
164168.49494382812
184062.99497066642
198755.69232605203
185414.56262014448
152014.1483302056
172742.2856228248
172314.75309443416
185750.7217534762
169847.91018716467
182947.08527032813
185497.73601395852
191628.9426922148
163846.19804279876
210688.87766538403
165550.61817343958
173085.3758723077
182472.30381397303
157174.99874729812
175225.82187792534
157825.25478041434
163042.82301180996
172598.9288566321
200864.02052110125
180205.8288325406
175323.49194658856
154981.300485453
896217.8517129533
164513.78186629288
178985.95238993477
214259.03692578315
142311.854603662
161599.881967273
163153.0864276818
163217.6631460242
174459.9335432211
174726.78151504113
191552.06597200508
171060.85551361932
174589.42807711146
189261.33208404353
183560.48904970664
207704.39771975868
185650.22056928423
204913.06123847797
148884.74938795256
166908.48249652196
178594.34432739372
244921.02589346326
195433.49101665997
156682.88950056507
199682.26521732687
222690.105281134
164933.11439343865
204374.6308516686
188256.32024212397
191857.0350826565
188602.87604968244
196067.68814449199
185743.79063732503
195353.7831809215
162931.2907108444
178424.53198169006
177374.46788478788
169570.03109857102
179384.491568627
184333.30850056204
182763.41069232216
189978.70260568958
171483.0191562938
167658.31192594196
221078.62077598707
186870.09701189006
199770.80749685707
188686.04944349648
179295.02150120868
156823.70849657035
186495.81673972693
230872.28789758956
176508.07836589168
172828.29013216755
182562.40832393823
181533.13757548956
163009.7296614891
168669.62044146584
178431.46309784122
162113.41900500638
172913.36685362217
168108.20003322113
212739.85360358332
165643.5537989335
193154.42268801894
175225.82187792534
181463.82641397786
186533.93787855835
172729.0578330693
187396.86183937895
168846.99834586753
164510.95075076417
247542.25668369903
187994.84115602012
157042.03865533217
194576.22928689682
176886.4586386773
167311.7561183835
174654.6392380007
169936.11136948928
167976.5088263489
192841.88801866944
165612.36377625325
182558.94276586265
181758.39885040256
189094.98529641549
196828.8420360269
168447.82472462844
175884.27791228643
168198.30454318633
171483.0191562938
173464.68393298142
194576.22928689682
714356.3950230395
173707.90744081922
186825.04475690747
188950.06629978778
191224.10683991824
167324.34946559212
196202.8449094398
190581.70971084133
168669.62044146584
209428.9767563062
185480.4082235806
171982.059519178
180555.85019817468
181140.89507040163
171898.886125364
159733.2150496265
161045.3926751794
194920.58842147343
175225.82187792534
160795.87249373732
167353.3428152905
160705.13354122525
157942.15596709607
176508.71280843855
189690.4268428692
199023.80918296578
189590.56010122408
163304.3020979138
166369.7587643713
170014.25697479275
160131.75422831875
186337.66995334375
190696.07312733564
165591.57042779974
261487.66237985203
185393.76927169098
179247.13813069736
180597.4368950817
188859.3273472757
175846.156773455
184177.35838716073
183116.89761603178
203587.94916851088
182971.9786194041
170554.2495920371
162113.41900500638
142983.53842777858
185560.11605931903
182763.41069232216
176235.56816301422
170846.62535547992
181522.74090126282
185362.5792490107
166618.64450326655
170049.54699809544
259371.7686261048
200232.02006625113
190041.08265105012
188564.754910851
166735.20459274272
278585.4570396935
188714.408350648
182007.91903184468
150774.74742423996
183789.21588269522
150267.50706011086
190554.6196887835
182271.3014455891
179384.491568627
203317.63563861526
157088.99423795537
163588.47786011177
167819.92427040072
164950.44218381657
191140.9334461042
191901.45289509225
197107.3555671674
196850.90426957415
180597.4368950817
183571.52016648024
194258.03238648988
150418.4293850016
227758.0200727326
168989.08622696652
156095.94130069754
182905.49857342112
172828.29013216755
185803.33956715683
186322.5388359477
174822.54825606378
179155.76473563843
189112.3130867934
175406.03089785573
219210.05053070004
179212.48254994152
200351.11792591473
170336.5538758221
188900.91404418272
177686.3681115905
177998.26833839313
158121.09610193275
176806.75080293883
188141.95682562966
162633.25271634408
157694.83245863582
168669.62044146584
180092.73430114004
194014.8088786521
184929.38448956262
192564.0089300758
224041.67293061205
188984.08743799676
180105.9620908955
202315.4549122244
181073.48723653052
190849.1921252082
230580.5465766936
144391.8238915597
197765.8116015285
192622.92341736075
163380.54437557666
179557.76947240627
174041.23545862222
189254.40096789238
180691.00696312246
165329.45689914902
170430.75838640975
185362.5792490107
176627.17622555527
199536.71177815233
173811.87418308677
184264.6317815972
165685.14049584052
210379.17411156325
169921.3213492988
186159.6576063952
151398.5478778452
182705.13064758407
179981.20200017447
217573.3793311359
215798.03805668408
154489.19123871994
191122.33677063254
175225.82187792534
191195.74793276668
185379.90703938864
172352.87423326558
171483.0191562938
178431.46309784122
179627.08063391797
180597.4368950817
167491.33069576704
185071.4723706616
159340.97254453858
148874.3527137258
172052.00512323657
176577.38952740337
218348.39545497316
153796.079623603
191153.5267933128
208141.69247982925
186315.6077197965
175139.18292603572
165974.05070120777
168975.22399466418
189122.70976102015
180781.1114730877
180302.864458657
196968.733244144
175156.51071641364
175109.26178844916
187677.5720435013
184236.27287444565
185750.7217534762
203240.1244758587
195346.85206477036
142474.10139066764
177565.07357894504
185886.51296097087
175600.73659263534
165653.95047316028
195561.7166654566
164888.06213845604
161420.30738988944
179702.68846903395
181429.17083322202
157480.60230049642
179697.0262379765
191597.11822698766
160919.99814191152
191139.03011846362
151398.5478778452
195211.0608572757
180736.69366065194
193901.71434725152
183543.1612593287
206481.69016162414
177623.98806622997
196632.5741108123
154864.10595342994
167236.14828326748
174401.653498483
152953.31456868903
181463.82641397786
221289.3853760509
151203.20774051873
177482.53462767787
165319.06022492226
175610.49882431523
185040.28234798132
186662.16352735498
179086.45357412673
185712.60061464476
205927.20086953058
164926.81771983433
164926.81771983433
372649.19655764964
184062.99497066642
163928.10255151906
197547.48144276667
162888.43512884364
184322.91182633527
163874.5569499503
168987.81734187278
151009.136488286
183990.21825107915
178373.18305310313
175780.3111700189
159715.8872592486
174907.6249775184
155562.2453570575
166994.19366052342
199543.64289430348
164527.64409859522
167713.7608551513
182687.16841465927
161948.63444781333
173527.6984208888
182833.3562963807
192203.590890215
177506.79353420695
183765.591418713
156095.94130069754
194300.25352594376
164926.81771983433
183751.0947438638
164926.81771983433
249728.38938684616
192810.0635534423
152368.26969646208
157125.84649169308
158272.31177216477
145853.65495690962
186406.98111485544
184090.7194352711
164194.9505233391
189257.86652596795
170430.75838640975
157728.85359684483
175600.73659263534
195575.57889775894
163546.89116320474
168763.19050950665
155401.2674551456
191427.305881284
160201.06538983044
172488.0309982134
188758.82616308375
189462.96889497433
154864.10595342994
175421.1620152518
165612.36377625325
214978.60412041107
179898.02860636043
187826.59104075146
196656.83301734139
197928.692831081
165799.50391233483
189718.78575002073
175323.49194658856
177992.60610733568
174428.74352054083
189857.40807304412
177998.26833839313
184875.83888799383
160460.34780295246
171008.87214248555
181962.86677686207
200874.41719532802
187841.08771560065
144842.34644138574
153477.88272319606
179634.01175006913
193485.84737818135
158786.48325244503
189261.33208404353
191167.38902561515
215426.29555470837
164291.98614945548
186987.92598645994
157954.74931430467
179384.491568627
186384.9188813082
178663.02104635854
179371.8982214184
184808.08995691716
180410.2967590001
195700.33898847998
171663.86261877106
184595.42202921276
181113.8050483438
186890.8903603436
187236.17728280835
177131.87881949695
175620.895498542
174595.0903081689
181782.0233143848
179557.76947240627
157954.74931430467
179384.491568627
178500.7742593529
181089.54614181473
175558.51545318146
195575.57889775894
197780.3082763777
170562.44959328198
197513.46030455767
191845.36952333603
184011.01159953265
160601.1667989577
159013.9412003399
186315.6077197965
174589.42807711146
166785.62573344147
194972.5717926072
174006.57987786637
186454.2300428199
188363.7525424671
173947.66539058142
168080.47556861644
182763.41069232216
159187.21910411914
163009.7296614891
235810.70815529782
170177.13820434522
155875.41446895385
165827.86281948636
164394.390661288
166683.8556641558
155557.2175685469
178691.37995351007
185993.31081876712
188200.87131291462
217145.21236019838
179742.07849295912
233169.95290170226
188568.2204689266
194894.13284196248
196774.66199191127
188405.33923937412
170860.48758778226
164206.61608265957
206472.5623724911
186267.0899067383
180216.22550676737
160254.61099139924
172015.15286949885
174567.36584356424
186457.69560089547
172510.0932317606
196368.557254521
157114.81537491945
225753.6586199509
162113.41900500638
192522.4222331688
176523.20948328773
183712.97360503237
191711.48164348197
190519.3296654808
176986.95982286925
178431.46309784122
213558.35975196818
175254.18078507687
179051.79799337088
169230.4064071637
165471.544780248
206270.29111901348
178909.71011227192
168540.76035012235
184784.46549293492
195877.08245033483
190623.29640774833
182676.77174043254
187130.0138675589
165653.95047316028
174615.8836566224
165752.25498437035
183994.3182517016
185304.29920427263
188949.4318572409
189548.97340431708
170748.9552868167
186433.4366943664
190197.03276445143
180548.9190820235
165716.3305185208
183543.1612593287
205272.21039324507
154489.19123871994
288634.64767100103
240995.1830363726
159440.20484363683
176986.95982286925
224086.72518559464
179557.76947240627
182763.41069232216
159663.90388811482
142983.53842777858
199692.6618915536
184929.38448956262
191513.94483317362
170860.48758778226
206287.6189093914
164251.03389509532
180216.22550676737
185833.89514729023
193017.99703797742
186766.13026962252
191046.09449296969
199190.15597059383
174907.6249775184
188548.06156301996
159764.40507230678
187441.91409436156
194643.34377542665
172870.51127162142
173389.71054041228
172270.3352819984
164446.37403242177
204281.06078362782
182631.71948544992
171442.06690193366
144294.15382289648
189930.1847926314
189067.2608318108
176986.95982286925
158175.2761460484
185633.52722145317
237903.90523295102
157405.92225326857
198413.87096166285
155009.02495005765
174612.41809854683
171898.886125364
177506.79353420695
182763.41069232216
189209.34871290976
187210.99058839108
158655.42648811967
197467.7736070282
179384.491568627
180663.2824985178
192706.09681117476
175399.09978170457
184652.13984351582
190647.55531427744
193648.09416518698
181953.73898772904
188921.07295008938
177506.79353420695
191922.88068609263
174867.3071657051
172038.14289093422
181457.52974037357
157610.39017972807
205452.41941317546
172460.3065336087
155557.2175685469
153491.11051295153
196310.27720978291
182080.69575143195
150229.38592127943
194709.18937886276
171262.4923245501
180539.1568503436
178431.46309784122
189088.0541802643
195821.63352112548
203168.6166413651
157025.34530750112
163813.73913502478
183338.6933328692
180819.2326119191
189569.76675277058
169917.22134867636
168669.62044146584
170915.30207444477
198847.9935089991
192220.9186805929
158370.61628337484
157954.74931430467
188145.42238370524
174800.19267717528
181810.38222153633
167519.68960291857
185747.2561954006
190529.72633970756
189670.9023795094
169019.64180709992
180216.22550676737
210921.0700564482
174589.42807711146
188121.16347717616
172766.54452935388
191860.50064073212
174858.47272191336
188481.58151703698
170558.34959265954
157759.40917697822
197952.9517376101
195887.4791245616
176433.10497332254
194078.45780910633
183543.1612593287
161301.20953022584
190474.2774104982
194570.56705583938
171898.886125364
177308.62228135177
181810.38222153633
189441.54110397396
164096.98710933456
178095.93840705635
184094.1849933467
183543.1612593287
158133.68944914138
225487.44509067773
184322.91182633527
178445.95977269043
190820.83321805668
219238.40943785157
180216.22550676737
149723.41444224404
179707.42291220327
165868.81507384652
184201.6172936898
169127.07410744304
174643.6081212271
212641.25574703194
163783.18355489138
175849.62233153058
135893.64104767906
189493.52447510773
180701.40363734923
193170.48159330315
164337.03840443806
151924.04382024036
176120.57030397304
174671.33258583178
180593.9713370061
177225.44888753773
167816.45871232514
196627.20522509614
276766.6734925583
200773.91601113605
191319.87358094088
180805.37037961677
171442.06690193366
188001.1378296244
178864.6578572893
174907.6249775184
179384.491568627