id,SalePrice
2658,38854.17939212061
2718,176146.13323914754
2414,190001.8888645627
1989,27427.924667679254
625,189747.15542364964
333,26568.72939634455
1327,92306.04858575505
858,111997.70205253041
95,117288.970756879
1568,130597.90897455203
2482,143351.95474586013
1364,101311.0525405984
2584,39606.429036972295
818,220460.65744819082
2673,47781.226802399724
2089,41299.429998571206
1297,40283.52730387825
790,105293.45113218145
2616,141607.33739309103
720,50663.32717277924
222,155925.17205935126
557,112516.50343848774
1148,194052.6490291934
2766,135597.16879920175
534,167007.06607708952
1452,95640.55854477035
630,119273.35025212787
2648,100503.95923073459
125,127758.01133293837
1904,85614.72778739128
1670,93757.36445721381
756,84567.34156188041
717,182420.748146426
1032,146990.49408336732
852,187641.84440871832
1731,139846.2468927431
2639,35983.24613107397
2071,27134.052109031938
1267,27165.046058672706
1851,40581.50966693621
567,87137.53195149507
2439,237917.03517012394
1898,117038.12786622011
647,46419.69229405513
2256,208339.47934192236
979,31054.60003564958
1444,212537.66350213918
2485,131240.63194907096
157,119717.86096905185
88,116511.54927736535
2003,30257.27826425254
186,58806.77043783428
1425,202443.98466484153
2695,38351.161870928176
738,89910.10415663455
395,113043.08349994072
1353,52560.1291356587
1878,112147.62939422968
390,139748.12954626468
1456,227949.671643569
1103,266216.9871400493
1387,27382.99785951639
2070,98495.63033816883
1199,151221.13258926047
2479,168711.07626231204
501,82751.24325823308
2362,99971.36070341234
1718,141592.4688930143
2188,74074.40263516012
1483,138620.88124037534
2557,89061.80059570605
437,196314.5976507268
2224,54832.633661197586
1628,194222.1857259529
397,140929.1301975721
587,161310.2520805373
2182,138345.1987106861
971,147064.05464781114
2611,117369.14749813205
1887,123965.08577317916
2399,231150.25114687928
2148,171592.1138834499
304,40452.51374078234
1997,118065.12316118188
2817,102423.45022233049
1431,164702.89743466338
427,195465.38201377259
263,35649.95681915272
598,118372.81032478236
2895,217024.8555736983
687,123761.85427719352
1822,122270.31151348741
2191,93053.1015887899
179,119072.21441943187
1009,179896.01104360478
2010,76354.3687790101
1991,40674.94196062184
1411,50808.53426040451
1721,115043.62151977106
1144,175088.38615958014
593,168445.15355581866
575,251255.36574301575
1249,133154.55567662884
1604,117830.41879199042
1064,267084.8814557516
1923,134081.68002900132
1988,96924.39371159382
2325,191591.04290753594
114,181707.72986162372
2700,36389.52282441751
217,122390.72707279917
343,143684.67769294884
386,156546.5052876307
2005,115144.34816569948
2908,129221.51986988184
1814,232689.85564416822
2446,404766.76461922214
208,47690.52718785072
1679,93728.37546373605
822,219902.21072982968
6,182702.5073352021
1781,74139.09518028445
2397,181760.3120613062
2340,187247.77273550184
1618,184331.07547816023
2843,35133.02152431444
1061,66433.49809443828
2786,118680.04046088483
1935,39834.24396853027
1341,32197.453317273536
521,169946.27322015754
2136,126431.36193232986
996,223876.7651335868
227,132180.96299321397
135,136200.62014192712
1167,101653.10286122892
294,71653.22425998573
1776,152005.2715930308
540,141132.38956194834
1717,139470.8959089069
2303,149392.1642988608
116,122128.19724112561
127,94545.11182901631
1371,127550.75604781813
1014,29504.99814536939
1507,120340.45819910707
702,34635.99877678874
750,103825.55055271249
261,174510.13023236534
1559,64313.478272031985
577,49801.10188917456
2812,190683.5938143867
2080,45603.730604831435
1368,135121.47574177937
2376,101813.12400249117
659,73809.31593392402
1235,38778.29139197025
332,25088.490990822866
1917,113018.62660788572
2094,280743.9874916666
1460,193094.90578669388
1471,175975.51912277017
1509,113325.20506716038
1922,38445.42162809238
433,267193.64151577716
460,163685.8175216738
1116,179741.7947458352
1137,137055.3171688525
53,142679.49592263738
2354,150939.3741087609
1475,147817.88268295408
1761,182092.40110323278
842,119722.44083715098
2739,124865.34257621579
2509,101611.2875305319
1007,231246.331335531
2610,62105.28439489624
1952,24384.333880863054
2719,140214.7055067632
2921,24699.017688084627
1966,28207.014242584362
292,94954.44164780999
1204,171437.10960291154
1829,84729.25051119855
2419,195395.19926958767
391,143280.86181765652
798,25342.652848026217
481,207584.36389465613
193,65444.462487455436
555,116008.17855556613
899,22514.84478999
2357,180157.92820930373
328,39510.696188116024
1356,88981.36373069396
1154,30323.88385001511
1730,160477.58492569282
2249,169435.22545151314
1119,175849.4067686775
2856,126142.6293966518
1394,86904.5616179858
2587,120035.60993486352
61,247006.88905239708
2661,45917.64691284819
2711,127222.04340848514
1147,188799.24447738662
757,38972.312213291625
2623,23693.005487730596
2378,138430.90611451303
1413,129539.91616617433
1722,170817.7664511701
1112,146700.89070485422
1623,229275.74817019966
1201,120329.5690406777
1513,29287.258870612117
957,90014.19436692423
1171,185624.3363443117
1145,176575.4306216426
2726,168177.94127600704
703,123387.16649681413
760,77169.35162801138
1964,27953.172562081912
2512,107964.82976598915
159,110787.95149581789
1281,145581.31757897962
468,152813.55385885772
290,32598.58645271082
665,27162.539995348827
1463,66192.62803265003
1792,189022.29942494704
923,142366.44917489268
500,251137.17071353647
1408,41087.88152736498
331,30013.316695165526
170,28572.3810242019
2192,98152.45907885006
2571,185458.29048792826
2314,204304.89696448692
2647,80571.5118788954
422,196987.89451704107
2457,229888.23656958944
1838,108978.01166452366
2805,179689.5915278812
1645,132566.75803882565
1711,185523.12591924166
2825,180981.30478644895
322,220905.39369462457
2103,203450.6326616954
342,113175.48514931019
600,114805.03024628342
488,212303.02073577698
1725,207671.88089498866
2246,61140.28484483383
2847,45937.440669646174
806,254966.3245129093
530,128288.57743065988
963,177895.98044811786
2678,25038.179564994993
171,28019.986180511223
2401,92271.46138289155
805,238244.59373613773
2259,205113.0146821918
1748,162346.64132416277
1361,110338.19090366493
1677,102863.21706867625
1406,42786.96074816439
2322,160433.65289733518
688,124910.57832381412
143,119703.99463366228
804,202944.41502935733
1214,124097.11641063855
2828,122718.7831666735
1999,143161.7469538011
2467,121000.69715915885
2665,44112.24095323315
1538,291858.06926251046
398,106338.65130020189
2822,118090.29961592295
2157,122981.7458548813
1856,156807.69212525952
1269,92450.77826805583
2570,40281.536022321496
2320,231823.68597258686
1517,44516.068002145585
2304,128425.80288070405
1312,92982.37068056305
2012,36686.86248151611
506,178725.8636625677
2865,70018.26648407622
2367,94199.85587131347
554,26441.85546623784
238,37795.75024527052
1954,110641.22948226186
2488,137195.26374349365
2291,27388.571180320425
1969,27130.447412933634
2725,38616.067860910916
1482,134033.20231546953
2763,176499.93109933953
503,209379.32522283765
1584,184416.49913086992
1531,36980.75202243425
2210,172999.4496276655
459,216830.43086479715
556,110940.99704608288
1347,39466.10854807792
1290,80199.37920341389
1388,28246.385934846778
1571,226465.1664589397
2754,147584.44285940763
765,101270.93438050216
2494,123360.43464390138
2870,72213.30798421864
7,53317.362049616524
1114,178466.3319380286
2418,227902.67093951322
291,113096.96328946282
18,164260.56545340767
39,214958.4667384473
1001,62813.34860575398
2442,215428.14350728455
616,122337.53555058053
2680,25958.494787077005
1414,103978.1690406568
289,31829.96053466172
40,199721.66018424561
860,92626.92216521107
409,158150.10998198867
673,132455.55618206636
2427,146277.81082187273
2036,205153.70678569505
2564,45458.708275409845
642,35426.76047817463
1008,200250.47872130683
1908,29781.31064561195
2519,59119.88072591775
1369,30430.118119008224
2855,134626.10011042387
712,87570.06344344039
1943,106566.66617829728
1958,99646.64056079862
107,45822.54297614817
2295,182936.00251761574
704,101795.88068367766
676,101027.48540558283
259,155255.26958500387
93,241659.90052561203
106,186029.46436062452
2315,179256.03272104918
1050,103715.33591756094
1095,195375.76641241103
2709,124503.66018936892
758,123847.36521518369
1496,135032.97424874848
2370,113668.1289391979
2458,171072.45696514213
2733,120208.2478004397
161,67561.18019989949
726,135907.83104369786
845,180139.2874089945
947,51567.851756895325
2232,32983.87216122822
2563,47801.184210690735
2299,98068.96377945319
211,27032.456973190878
605,130124.38695100394
1478,145856.082229532
2247,201503.69354355035
2274,151408.2288418944
2869,170806.59809356398
967,208361.19824232903
2656,106419.10053011429
667,149112.34099412133
1042,106869.07051762639
2023,47999.44444440871
2447,302386.0426511333
2055,106177.77603760123
2275,199880.6398493929
2204,49066.50770575124
1563,55626.71374946788
483,157784.56887770718
796,109247.12950493938
1526,48932.13578434127
2042,40528.650807427824
442,228942.83314088458
1693,172804.14325635575
1468,196766.94133393414
1430,180313.8955803703
2605,41159.28306492992
1529,166185.52385408015
335,116838.05164940085
1287,26675.486698732013
31,83889.9222845794
1785,54185.74226253536
82,198823.07283413352
2620,26610.759891235153
252,183753.7741121174
721,63722.05626032507
2165,152709.24078852643
2316,208939.6635561212
775,35540.06802700433
1558,84346.39724278066
17,73200.20395433059
1022,150783.14714361628
925,37906.18842014939
438,186722.37050834624
1270,29929.897363469157
1272,26168.8161997364
215,34448.997074899686
266,219013.0758107413
2402,166382.44222673608
1250,100043.01526936496
1984,94106.4316380237
1279,117139.41390347855
377,199308.8004982611
1252,133321.1088212787
2156,225917.63696085947
499,284170.78554863745
1374,36446.887111379445
2898,312426.01209122693
401,89099.18969275885
2721,53972.183280978985
2078,224179.66494985402
2589,105218.91821192762
1946,48418.5794196363
1334,116242.68716065814
2781,224216.8031702804
431,73034.22106890994
576,54622.25118017832
1474,175835.85725382058
2254,103559.12121637986
2155,228839.98200357408
885,102346.8313580337
643,119215.15192274243
1944,96135.46565483503
480,230522.54537025664
2845,71166.41107427688
2387,195768.9247900943
2407,171057.27511374952
2527,133684.4725222309
2514,116318.5623092611
629,46529.46288743116
80,240586.49819964016
1876,137730.6529228837
1546,114417.69382855398
2518,170888.73735706822
2347,143705.5164772048
783,59209.60953721549
1322,20830.661619428094
194,70274.53263244484
1770,270504.41980777576
2143,94216.57132030121
1229,184929.28380876803
511,193416.9641456026
46,178919.28892026417
1348,31543.083385277052
2465,127028.35255346156
387,144854.13145239622
873,181645.55101574177
1918,38599.64773210975
2764,252242.27186051253
2184,24680.50194057181
934,155963.3515727134
1920,38784.562985786564
2631,119275.05181543232
1768,513063.7846105348
2040,110064.47123258213
1749,182692.53654321688
834,189787.52249736962
1457,209606.9410371533
79,129467.69758569683
2302,102221.61652385247
1817,146629.52296904693
2755,196243.06108557121
359,195840.60171212684
2059,96451.66187565915
2092,225410.86508625207
2516,53800.759450863734
150,26166.064611507514
1656,28371.42695747513
83,28337.206911257963
2411,157630.2029866608
795,29499.905737384062
2312,208677.19150286284
2917,29098.670903719696
1624,166658.6413221736
2215,72147.18596822818
1211,121453.47899511599
1485,135519.89156777345
1024,130167.0695636403
570,125255.46651682875
2874,123290.9415071462
700,34774.40670759035
2756,188340.64525552766
2022,57270.317658208696
583,173965.66756545615
2392,49849.76363030226
2424,166109.47438574943
212,32497.656854634613
736,40019.51463336969
1610,127596.88076904911
890,108059.1729109349
467,190671.76849710834
578,160322.57448576493
1747,183003.48041142992
1149,145361.77739529783
2758,182678.2581767027
857,142331.55811426163
2219,54984.37196704472
733,28243.174910999085
2909,31097.404943400015
1798,163485.63908869092
235,36159.03109923136
2366,121586.72096520055
1027,108367.9386222567
1195,98776.42308388343
1303,58313.94378937387
148,50731.27640639383
608,138170.37004217354
2515,45226.81716652537
821,196902.53958600233
2500,218037.9142400653
745,96736.0170064393
741,40642.95618151707
1611,33332.375285483235
2532,92549.7267634713
1081,202842.80983923783
1692,78075.49464463168
2520,50421.34745442526
276,36382.78752898269
1992,102049.44496697052
663,56419.972811538384
418,103333.36170370817
1733,170466.76030708512
2359,120286.98644395029
253,142046.21639580122
1518,50643.75616605065
2035,34628.24137906895
2919,28118.609989273213
1540,208266.19092088396
2120,130560.90319718483
1674,180130.6353367467
256,126524.25039211742
2361,86631.922057961
978,24232.63414541352
2280,120261.51020097031
2095,201056.02935344775
1709,202911.10690395543
2801,210183.69768041692
1246,98507.37004540543
2373,90176.06849433892
1055,159309.9313096711
2017,34172.34475252478
1099,207622.47017921828
1344,73371.13927475449
835,143949.64653010684
1117,171309.43672138266
2043,32074.167729452667
2085,40481.75118330548
410,134646.37736369023
2650,102065.9904854091
2867,56314.94095955136
1668,101941.98977515782
1161,116683.90566566828
2122,142912.97899763548
2539,105329.20585278001
1047,133926.17903019834
1445,121062.39256803232
541,123250.70417927539
569,141908.17739395195
1276,86100.10956286213
918,45602.74316670844
326,151618.18439599779
1936,99512.31034419604
895,28755.07398527962
257,125595.23174986438
1241,64608.60161086229
1545,102526.88375355782
1189,129699.67663590811
270,123293.29806734405
2066,62343.51600883175
693,36240.073759112354
1259,40171.75916028342
2916,107488.95167284715
2321,268485.4584409799
1977,28058.546602865652
1895,47911.68730683699
1240,145329.23913976533
85,112020.01185257827
1823,102472.73605178724
825,189540.10225890082
110,145023.7340578455
697,107774.87990438986
2297,36364.45909842747
1231,127033.10512053159
1355,108787.85579399712
968,202614.74543244537
584,148118.23499732508
1315,122454.40076396483
1606,110270.74853354128
206,43260.29171645782
1685,188798.3925032998
2016,40959.7979038421
869,176609.36909533368
2135,128619.89090261553
2346,169342.83553910805
2430,169234.95167215113
2198,30879.145903861652
2652,29662.771332067572
27,98995.86578305348
241,148582.6471135133
906,106854.98128053681
1506,33281.10830032231
2098,197803.31385235567
1435,207890.51178615502
2213,48317.15198772239
1274,39301.10874962703
743,19890.892640462065
1737,185772.11370895337
2797,261364.19027654943
2185,26235.929650635568
58,169039.7519049827
830,145659.18469063498
808,131049.37621272026
680,127288.27103869813
1153,86644.84557564871
1291,30621.611408765395
1818,145780.18612111994
2161,175050.33479671663
1883,111528.95398690486
350,77280.72918662043
2473,130678.76619912183
295,150964.32784051966
293,43005.49025060348
859,119629.92219321732
288,54671.97583268096
1578,109878.72659598499
102,107441.91398465238
2831,129299.61397327457
1030,127237.8964333779
2551,42637.87159588624
1286,105551.87163608146
958,198215.26449437957
776,99076.1923707524
72,131764.82142696812
2263,220097.7313126325
1866,131353.19679069842
2876,79470.20156658377
2146,211086.22707929974
103,106511.51341281668
1500,130454.69017410639
492,168370.04331073092
167,33052.402036787564
2597,107644.58445902182
2685,92918.74267707074
1035,145443.23200226596
1220,67709.56599163428
2602,134351.8772857737
2159,151993.74957150212
695,45670.10057806941
1109,238132.7054727811
640,43768.03809104792
1652,151082.37699608906
2090,43418.32863808163
1188,167370.1591366006
2345,192948.17808153227
1059,214406.65075975863
2751,175214.56064957363
128,182267.4833962911
1523,136995.64790752277
2925,144147.61423989196
2145,68162.25885207838
1121,136318.612734887
566,156062.00319408358
565,228301.73706790587
1331,34713.04255504678
2928,109630.82897553427
156,39605.96861552356
797,40693.06394762429
327,28849.29975619508
2859,36221.23377105406
1453,103569.53142887352
1762,286443.69729621796
1868,63420.2628713995
1760,221079.02046924908
1113,207354.87804654698
1812,226566.85473882302
117,132340.2199904223
1142,195731.98948680688
2342,256068.24449202072
927,30970.001741183998
2478,232485.3714855406
655,74250.62119852971
2064,105029.51893007419
369,159164.84192276106
2239,24320.266434754645
2732,68276.62708497097
1653,139946.10776429632
959,162272.36036991567
2395,192748.7281374202
1412,100857.25805645234
271,232296.16192295376
1484,126763.3990945519
1497,130793.64548111174
552,56474.73109689217
2,98998.60273698214
1855,225520.8157312429
4,49950.8252158601
2292,152344.91020984764
134,128383.85122799291
646,76521.14216703393
42,168287.93248272876
532,152491.8509617011
713,86026.40872477635
2561,103591.50897962632
2360,130628.50571652707
1333,32320.22088007048
1407,66983.18660294212
2892,242346.23958878417
574,138884.1219835818
1227,42858.15544112052
2591,38303.97643504929
1476,173478.0986517817
1125,138091.52117096813
1446,111502.62592391878
408,31148.8968181024
1101,268000.69344770146
2251,156652.18562721595
373,129005.15330748947
2554,28285.968626114976
2382,195313.31824027825
1985,78624.46490392431
519,41175.586863859324
1093,232322.52106288812
864,190488.56660984812
2889,116123.86344975432
2308,54321.623982260695
986,174861.89692883822
1302,119335.86186376431
585,129944.70110173534
2708,130736.22275349528
147,117257.42028108734
1441,215909.49404840398
383,146328.27843662532
285,86037.88916417582
181,89122.37001372529
358,180663.8312997184
780,45061.94381051665
258,210787.50929221118
1865,147289.23860169627
692,100444.04684693563
2902,207794.67441051756
508,192356.87209898437
2638,110170.79885886231
36,139747.91110953622
611,171503.99886008422
2281,98280.64227229371
1678,94719.91390650826
1696,248847.01099200195
1557,65843.21398410136
2180,114921.78233603643
1726,160081.35408554695
951,123512.44046057548
267,204741.75222576185
2706,114128.98995740217
2221,58717.8508707577
1357,50091.52825993862
2901,184279.94619206688
347,152053.1038790016
2164,154105.66640380886
1586,219527.51840165808
360,161379.93436402894
1769,220706.98163916476
2617,117450.05177352522
1879,118586.0256517755
991,59455.22753834987
1535,34179.72423081586
1191,113963.67169257117
1579,170781.23051539584
1882,142600.26948591918
1510,112799.6483758979
2196,41596.11737427469
1845,110365.05929515461
2336,219503.32925997596
942,25583.890974014626
861,31227.22128718524
2555,111156.18175696574
1392,50514.48106887554
2099,181507.5376525651
1543,128219.02550582918
948,215392.03807997738
1239,137418.9181880818
22,143460.34587290208
2796,172874.61883024912
2747,54626.94032384895
92,301316.25843779254
210,157148.82357484932
1858,57087.183103778785
2228,155104.9561450908
447,175832.3917462003
827,180700.83622023053
1649,164964.59629855296
682,32896.99099343033
2698,98947.13739338807
494,154952.74225038258
214,29953.71642886862
2441,264237.61553200975
2679,99042.6225500344
1336,33903.90620668446
465,161079.90654211197
1524,45683.06035799444
2543,91772.60666663064
631,38885.26896099751
2452,289158.31977335096
228,156666.1362940033
126,158985.8261631051
1092,186327.10940266313
1122,115186.41792449243
932,121589.08347696449
1980,70978.94515857798
2171,85730.53148465758
551,181808.56332791218
2768,172520.88337937614
2056,108765.21384123451
1159,100446.51462849906
2645,99076.42536649779
1174,104294.38873180363
2266,236451.97801233435
2462,216716.26857202323
1219,54684.77386478649
2922,144025.69330468605
118,108550.74767203476
474,149776.79981455256
2576,37862.9576531506
872,181633.32656512823
1077,162984.13564753518
1536,36898.48666999064
1150,34699.37318971168
2341,274449.9889138679
1931,125920.1534666947
2785,123963.83561365059
2538,123020.69647859615
597,162809.65879198615
464,115655.46855087517
233,163604.01536748133
2169,115280.42611782523
2123,174506.5921675034
1867,144418.816524174
137,191797.93780589142
515,160006.5160097848
933,118566.22751345055
2784,107927.3167473674
972,129110.56026381241
599,29950.739465851846
2614,28265.331776819115
2582,131589.81297785617
1409,55920.35391634379
175,97811.71706590109
352,61752.744096240014
976,28735.31539672288
2134,170244.3466245728
984,122732.5851026698
2396,263481.3207577524
1673,112964.14398992232
404,117408.59698487043
607,44783.00801692592
814,118007.5009521893
868,164810.39925659267
2271,175188.47896451043
1633,186122.8266427012
337,129139.8215100341
2765,51472.759010521644
1746,221125.1958479583
368,201434.93988949197
2806,171298.17324278862
1662,128156.60441633526
1234,205005.09911802458
1373,106726.6188668469
1672,99821.94159117865
1939,130624.80734807564
